60974986
60975001
60974987
60974999
60974988
60975000
60975002
60974989
60974990
61398391
61398388
61398401
61398299
61398298
61398389
61398296
61398295
61398294
62744765
62744763
62744766
62744767
62744768
62744793
62744788
62744780
62744791
62744790
62744786
62744789
62744783
62744787
62744848
62744856
62744852
62744850
62744857
62744847
62744727
62744845
62744853
62744759
62744844
63135961
63135993
63136167
63136163
63135975
63135867
63135731
63136185
63135963
63135937
63135871
63421481
63421485
63421479
63421507
63421505
63421483
63421451
63421473
63421471
63421449
63421453
63716007
63715949
63715987
63716013
63716037
63715977
63716039
63716312
63716017
63716296
64104378
64104512
64104416
64104360
64104348
64104740
64104739
64104450
64104422
64104390
64852503
64852544
64852910
64852448
64851852
64851844
64851876
64851870
64851840
64851848
64851816
64893605
65328106
64893711
64893701
64893609
64893425
64893731
64893699
64893603
64893707
64893615
65328010
65328028
65328016
65328008
65328014
65328012
65328030
65328018
65327876
65328103
65328084
65328073
65328021
65328100
65328020
65328091
65328072
65328104
65732093
65732067
65732031
65732033
65732069
65732221
65732105
65732103
65732043
65732197
65732370
66273905
66273907
66273966
66273932
66274482
66273924
66273922
66273899
66273964
66273897
66273958
66558124
66558182
66558367
66558098
66558090
66558442
66558118
66558377
66558204
66558130
66558207
66868583
66868570
66868589
66868581
66868591
66868595
66868587
66868568
67042917
67042882
67043027
67042858
67441488
67043045
67043131
67042933
67042850
67441378
67042892
67593893
67594065
67594055
67593983
67594019
67870219
67594015
67593989
67593925
67593951
67594063
68338085
68338093
67941360
68338110
67941364
67941328
67941338
68338103
68338107
68338088
68483253
68483241
68483361
68483455
68483243
68483429
68483451
68483427
68483098
68483301
68483251
68785084
68784805
68785072
68785080
68784802
68785131
68785058
68784794
68785071
68785030
68785038
69259766
69259858
69259742
69259720
69259704
69259668
69259804
69259878
69259814
69259866
69259854
69775251
69775322
69775557
69775253
69775255
69775273
69775249
69775538
69775439
69775505
69775283
70310068
70310008
70310201
70310197
70309972
70309982
70310040
70310222
70310078
70310080
70309948
70793559
70793778
70793539
70793516
70793522
70793734
70793558
72142414
70793518
70793782
71275366
71275367
71275381
71275386
71275387
71275397
71275400
71275399
71275279
71275281
71822517
72142386
71822653
71822561
72142385
71822599
72142382
71822643
71822531
71822585
72307722
72307668
72307694
72307796
72307738
72307688
72307690
72307708
72509847
72307774
72307744
72671361
72671359
72671327
72671339
72671180
72671341
72671309
72671329
72671176
72671150
72671186
